% latex table generated in R 4.1.3 by xtable 1.8-4 package
% Wed Apr 13 23:57:05 2022
\begin{tabular}{|p{3.5cm}p{1.5cm}p{1.5cm}p{1.5cm}p{1.5cm}p{1.5cm}p{1cm}|}
  \hline
Project & Stars & Analyzed PRs & Accepted & Rejected & Introduced issues & Fixed issues \\ 
  \hline \hline
microsoft/terminal & 82226 & 500 & 81\% & 19\% & 0.00 & 0.02 \\ 
  nlohmann/json & 29526 & 353 & 80\% & 20\% & 0.02 & 0.00 \\ 
  nothings/stb & 18491 & 368 & 62\% & 38\% & 0.08 & 0.00 \\ 
  mpv-player/mpv & 18296 & 500 & 53\% & 47\% & 0.25 & 0.38 \\ 
  simdjson/simdjson & 15446 & 413 & 72\% & 28\% & 0.67 & 0.24 \\ 
  micropython/micropython & 13951 & 500 & 43\% & 57\% & 0.14 & 0.08 \\ 
  hashcat/hashcat & 12288 & 500 & 92\% & 8\% & 0.72 & 0.14 \\ 
  Tencent/rapidjson & 11910 & 392 & 91\% & 9\% & 0.10 & 0.00 \\ 
  davisking/dlib & 11058 & 275 & 79\% & 21\% & 0.04 & 0.03 \\ 
  reactos/reactos & 10812 & 500 & 71\% & 29\% & 0.15 & 0.12 \\ 
  pybind/pybind11 & 10799 & 500 & 75\% & 25\% & 0.06 & 0.04 \\ 
  libevent/libevent & 8693 & 293 & 58\% & 42\% & 0.34 & 0.79 \\ 
  irungentoo/toxcore & 8667 & 500 & 90\% & 10\% & 0.85 & 0.75 \\ 
  libgit2/libgit2 & 8356 & 500 & 92\% & 8\% & 0.33 & 0.22 \\ 
  zeromq/libzmq & 7678 & 500 & 96\% & 4\% & 0.52 & 0.33 \\ 
  Z3Prover/z3 & 7287 & 500 & 92\% & 8\% & 0.01 & 0.00 \\ 
  nodemcu/nodemcu-firmware & 7028 & 500 & 78\% & 22\% & 1.48 & 0.93 \\ 
  minetest/minetest & 6956 & 500 & 60\% & 40\% & 1.75 & 0.10 \\ 
  microsoft/cpprestsdk & 6815 & 180 & 67\% & 33\% & 0.12 & 0.01 \\ 
  sass/libsass & 4273 & 500 & 87\% & 13\% & 0.00 & 0.00 \\ 
   \hline
\end{tabular}
